181036
194081
202452
160303
162475
167281
167462
168789
169644
131652
133205
170735
180668
183258
184827
186493
190791
191564
204710
198916
206171
194726
193800
204568
169521
176452
176676
172158
137868
165599
183744
181000
203566
205211
193820
193007
195464
195470
195473
195474
195476
195761
196611
193473
192265
192471
194084
202139
200064
183818
186759
187278
187419
188079
190998
189880
189881
189966
188455
189081
168903
170734
170736
176864
139381
105508
155551
187372
192735
192811
164162
193074
192044
193764
192204
192560
197167
182328
185188
182585
183066
187778
186575
189353
190262
191584
191585
191587
191511
92464
197239
196976
197273
197358
197428
194983
195047
195392
192997
192009
193861
198072
202360
170665
191597
195007
197441
197574
193663
194152
191794
192409
192407
193426
198372
198565
201005
191005
188338
170820
173421
172995
172997
178092
178100
178118
82096
116356
156375
164210
164217
128296
195472
166723
193611
195478
198483
203486
203360
141105
187516
201948
202021
201348
196918
191762
183342
170126
165115
195467
176511
140724
191176
190995
191598
191608
190790
184837
42012
43470
155346
194717
197432
197503
197258
195724
195737
197212
192408
193434
193018
193544
198918
199936
197865
197997
201607
203155
205999
178520
178351
186778
186782
187275
187920
183389
185022
185164
185793
181739
178274
172710
203578
202244
198365
198366
192001
197215
194967
199922
204754
204755
206277
206283
203378
141160
157649
169920
187816
186597
189878
191097
191355
198481
192476
193882
199723
202249
201620
185582
185977
185982
185351
180380
180885
180886
198616
192220
195461
195462
195479
193537
152749
156406
183346
186792
191592
178068
169926
171493
151197
168908
191539
187276
187921
199577
198075
205021
195477
195465
195466
195458
197582
185983
191327
193964
193653
197427
167032
169908
169924
160862
190809
190324
193679
197896
198434
157322
190363
190433
190951
191596
197945
198345
198223
200184
204387
197329
197332
197344
197467
195459
195460
195091
195463
195468
193651
203368
205223
191229
190135
190266
188384
181728
178417
117776
165989
173266
176925
175321
171828
165425
176141
188235
188236
186587
186588
187776
190114
203366
203490
204180
204595
198599
195471
202895
196620
192473
189292
191237
191356
186584
187768
176255
169927
165783
168904
169916
166279
189890
192364
194220
195383
206289
111044
173356
173425
176236
176135
176693
180884
166053
164377
190374
189455
189015
191531
191231
187915
187764
187342
187970
185985
185976
204673
198344
200078
201577
195693
195089
197098
194680
193879
193219
192707
192698
151218
180900
178416
176674
173264
176133
176134
175078
169925
170732
170738
170739
180979
184934
181080
182541
186617
191245
191352
188612
190918
192474
194219
194966
196638
197495
197426
204517
204768
200220
194499
178153
170827
170741
168907
170742
170740
191334
186231
186616
194218
193480
201007
201024
195376
192076
150625
108109
160079
175080
180897
180381
186756
188275
188278
192706
195363
195364
197117
200047
157705
159271
176183
155101
141149
197271
197430
193956
194080
193937
194157
193863
193760
193839
192810
192836
197323
197217
197118
197121
196649
195128
204327
202838
202451
202243
205083
154973
58852
164884
173177
171573
172992
171459
187995
181813
182257
191549
191388
191390
191481
191484
191491
191582
191595
191612
191617
191620
191600
191606
189355
189360
189364
189288
191082
185978
185986
185988
206153
201762
201771
204748
204749
204086
198613
198614
195475
192373
181735
184370
173027
172052
165990
164384
193954
195107
200104
194596
189600
191258
193737
193739
198215
184933
162878
169918
64663
102409
155547
148952
171676
170744
179015
